            0         1         2         3         4         5         6
0    0.703473 -1.221593 -0.625706 -0.035997 -1.063474 -1.125064 -0.213497
1    0.561888 -1.254278 -0.432926 -0.682060 -1.137404 -1.202148 -0.236089
2    0.561888 -1.334734 -0.625706 -0.200411 -1.164211 -1.260578 -0.453214
3    0.514695 -1.284817 -0.432926  0.098587 -1.180086 -1.228574 -0.134034
4    0.420312  0.863297 -0.432926  0.215931  0.979694  0.935526 -0.047242
..        ...       ...       ...       ...       ...       ...       ...
335  0.325934  0.809518 -0.240308  0.051693  0.901862  0.880437  0.103015
336  2.780038  0.525227 -0.240308 -0.285046  1.160057  1.076023 -0.340573
337  0.278745  1.027922 -0.240308 -0.292329  1.194200  1.118449 -0.275339
338 -1.982225  1.450510 -0.240308 -0.155780  1.145815  1.045031 -0.478632
339  0.231556  1.005809 -0.240308 -0.207915  1.185584  1.105425 -0.309806

[340 rows x 7 columns]

