[ 0.42031242  0.92529714 -0.62570573 -0.59655035  1.17146489  1.04835913
 -0.68004717]
[ 0.27874494  0.88732604 -0.24030826  0.00644111  1.00311602  0.9363346
 -0.20887261]
[-1.98222531 -0.6933278  -0.43292624 -1.16966185 -0.84524687 -1.02304524
 -1.18719069]
[ 0.51469512  0.29653375 -0.62570573 -0.09442456  0.46814608  0.41163056
 -0.14302425]
[-1.98222531 -0.4424991   0.33631003 -1.51399949 -0.55093367 -0.76559366
 -1.80326621]
[ 0.56188814  0.71785991 -0.43292624 -0.43385981  0.91431488  0.84811209
 -0.20560041]
[ 0.60908217 -1.04138514 -0.81857928 -0.76841396 -0.92667531 -0.95896875
 -0.02570181]
[ 0.32593362 -0.30919046 -0.24030826 -0.6562616  -0.11435179 -0.23354786
 -0.62726597]
[-1.98222531 -0.70284751 -0.43292624 -1.20196544 -0.86676851 -1.0328341
 -1.05502008]
[-1.98222531  1.31328102  1.48581063 -1.57089395  1.12371687  0.92068551
 -1.8095066 ]
[ 0.56188814 -0.5608693  -0.81857928 -0.4613577  -0.37599636 -0.47158313
 -0.43830485]
[-1.98222531 -1.17439014 -1.0114511  -0.90690735 -1.38756549 -1.53109798
 -0.82691238]
[ 0.42031242 -0.02633269 -0.0478909   2.89331072 -0.33316058  0.10456406
  2.07259696]
[ 0.37312264 -1.1452242  -0.24030826  0.90616745 -1.20236701 -1.13058462
  0.51964048]
[-1.98222531 -0.39618578  3.01933264 -1.42014331 -0.51918088 -0.71892932
 -1.51280881]
[ 0.32593362 -0.01877061 -0.24030826  1.3428411  -0.08692996  0.06213504
  0.96469127]
[ 0.32593362 -0.31930987 -0.24030826  1.08251619 -0.51430823 -0.28310008
  1.28184059]
[ 0.32593362 -1.64335236 -0.24030826  0.57235532 -1.72178877 -1.69968106
  0.23812614]
[ 0.46750321 -0.40387646  3.21119121 -0.51554132 -0.25684205 -0.30304712
 -0.0907345 ]
[ 0.32593362  0.21592994 -0.62570573 -0.32808764  0.41658724  0.31971064
 -0.44440978]
[ 0.37312264  0.97224018 -0.24030826  0.23355116  1.09693797  1.07027397
  0.07396672]
[-1.98222531 -0.4269792   0.52812616 -1.55192342 -0.53438393 -0.74975176
 -1.82388408]
[ 0.23155605  1.03605519 -0.24030826  0.01421663  1.09580769  1.08021862
  0.14635084]
[ 0.70347253 -1.43330054 -0.81857928 -0.01064411 -1.3163712  -1.39872935
 -0.3578675 ]
[-1.98222531 -0.43939701  0.91135997 -1.45834121 -0.55238902 -0.76245669
 -1.69932521]
[ 0.42031242  0.57574306 -0.0478909   2.01982809  0.31991279  0.69140149
  1.91295521]
[-1.98222531 -0.42032161  1.10285929 -1.300418   -0.53574616 -0.74296525
 -1.64423277]
[ 0.46750321  0.94419587 -0.43292624 -0.33468296  1.1271446   1.05540005
 -0.24502254]
[ 0.27874494  1.09170665 -0.0478909  -0.2609139   1.12033403  1.12817066
  0.29414285]
[ 0.46750321 -1.24960161 -0.24030826  0.07421511 -1.16121353 -1.21233506
 -0.14981643]
[ 0.32593362 -1.52575669 -0.0478909   0.93355881 -1.64612527 -1.52863259
  0.69824281]
[-1.98222531  1.4799908  -0.24030826 -0.81500871  1.21570595  1.07207304
 -0.89006053]
[-1.98222531  1.29592039  1.48581063 -1.52908405  1.10975043  0.90491961
 -1.85871409]
[ 0.27874494  0.25104996 -0.24030826 -0.26638361  0.44843533  0.33601089
 -0.57329708]
[ 0.51469512  0.16132396 -0.43292624  0.06367077  0.27488386  0.2762872
  0.22307777]
[ 0.42031242 -0.7359855  -0.24030826  1.68523269 -0.86885627 -0.62189852
  1.31037721]
[ 0.37312264 -0.6216834  -0.0478909   1.85046543 -0.95192477 -0.55507872
  1.85449688]
[ 0.18436627 -0.74224156 -0.24030826  0.02311214 -0.58076028 -0.66895812
 -0.38576672]
[ 0.60908217 -0.88241612 -0.43292624  0.95186913 -0.93853288 -0.76612815
  0.99748986]
[ 0.42031242  0.4940385  -0.24030826  2.28079419  0.165703    0.60839526
  2.15137953]
[ 0.65627703 -1.34357728 -0.43292624 -0.26991749 -1.2162704  -1.30559455
 -0.40397417]
[ 0.27874494 -0.2801991  -0.24030826 -0.59695347 -0.10641886 -0.20103705
 -0.42885602]
[ 0.23155605  0.10495781 -0.0478909   0.06752143  0.23363082  0.18741305
 -0.07786692]
[ 0.56188814  1.3115029  -0.43292624  0.59240971  1.35618127  1.41334632
  0.59231553]
[ 0.46750321 -0.46660099  3.21119121 -0.56765065 -0.25578517 -0.36476592
 -0.54228403]
[ 0.37312264 -1.78214151 -0.0478909   0.5105482  -1.87810347 -1.8338938
  0.33934305]
[-1.98222531 -0.73025341 -0.24030826 -0.71275106 -0.90415514 -1.06132164
 -0.96251599]
[ 0.37312264 -1.32300303 -0.43292624 -0.32513561 -1.17127054 -1.26944819
 -0.46641853]
[-1.98222531  0.55673661  2.44389511 -0.92777881  0.37370898  0.2163137
 -1.00820996]
[ 0.32593362 -1.55028471 -0.24030826  0.57104736 -1.60650414 -1.58343112
  0.24997905]
[ 0.46750321 -1.15349926 -0.43292624  0.07364766 -1.08345587 -1.11718524
 -0.04034914]
[ 0.75066843 -1.51578184 -0.81857928 -0.33558732 -1.38227962 -1.47336168
 -0.41936682]
[ 0.65627703 -0.21507833 -0.62570573  0.76343091 -0.07712878 -0.07835695
  0.19315199]
[ 0.46750321  2.06158648 -0.0478909   1.3177377   1.36558552  2.08378682
  3.21636367]
[ 0.37312264  0.31464817 -0.24030826 -0.71925559  0.46615712  0.40064684
 -0.20667446]
[0.27874494 1.3949405  0.14431248 3.17574319 0.81522634 1.43331473
 2.82264646]
[ 0.46750321  0.91312379 -0.62570573 -0.74054511  1.13302229  1.01550497
 -0.62688626]
[ 0.32593362 -0.4235185  -0.24030826  0.44860883 -0.35206763 -0.34956295
  0.20299039]
[ 0.46750321  1.126648   -0.43292624  0.72897795  1.12106105  1.19852524
  0.69126139]
[ 0.37312264 -1.24837626 -0.24030826  0.59611251 -1.27491972 -1.22322827
  0.4159198 ]
[-1.98222531 -0.21547413 -0.24030826 -0.78427996 -0.37249132 -0.5361555
 -1.04742142]
[-1.98222531  0.35687966 -1.0114511  -0.76981822  0.17295384  0.02534658
 -0.89643841]
[ 0.27874494 -0.70747898 -0.0478909  -0.37972369 -0.54673128 -0.62036406
 -0.28177625]
[ 0.18436627 -0.70621887  0.33631003  1.72115789 -0.82705479 -0.62770229
  1.12123941]
[ 0.46750321  0.24721371 -0.43292624  0.63195291  0.32604172  0.3404224
  0.30140607]
[ 0.23155605  1.42737785 -0.0478909   2.23829573  0.87759674  1.4576876
  2.70778762]
[ 0.56188814 -1.33473433 -0.62570573 -0.20041104 -1.1642108  -1.26057799
 -0.45321405]
[ 0.60908217  0.93603329 -0.81857928 -0.59163645  1.16844518  1.05114795
 -0.62545095]
[ 0.60908217 -0.51559436 -0.62570573 -0.23232707 -0.32766296 -0.42086853
 -0.41990174]
[ 0.13717483 -0.45733203  0.33631003  0.68944869 -0.88158556 -0.39973315
  2.14970617]
[-1.98222531  1.48435042 -0.24030826 -0.62308407  1.2241574   1.07609716
 -0.93941136]
[ 0.37312264  1.3224676  -0.24030826  1.00413953  1.34789831  1.40001735
  0.56354967]
[ 0.32593362  0.17261487 -0.24030826  0.20054994  0.27869929  0.2469399
  0.01816555]
[ 0.37312264 -0.59983087 -0.0478909   1.81051108 -0.75852342 -0.45355741
  1.54559637]
[-1.98222531 -0.42086929  1.67732004 -1.41171749 -0.55007435 -0.74383634
 -1.41634833]
[ 0.65627703  0.59509452  2.63567323 -0.70579241  0.8471298   0.74690281
 -0.47233869]
[ 0.65627703 -0.95720187 -0.62570573  0.598402   -0.94279957 -0.84299623
  0.67187824]
[ 0.32593362 -0.90131415 -0.0478909   0.10481803 -0.82024542 -0.82411569
  0.14531766]
[ 0.56188814  0.97783171 -0.62570573 -0.3264474   1.18106025  1.0877374
 -0.41607466]
[ 0.23155605 -0.59340568 -0.0478909  -0.16087765 -0.46026863 -0.52887879
 -0.24535302]
[0.08998096 1.40958025 0.33631003 2.74227748 1.08878375 1.44149654
 1.92443211]
[ 0.51469512  0.17803782 -0.62570573 -0.88597241  0.41215105  0.29338495
 -0.62814105]
[ 0.46750321 -0.62285161 -0.62570573 -0.64294549 -0.37607505 -0.49244983
 -0.60244713]
[ 0.46750321 -0.19435682 -0.43292624  1.75532437 -0.32822404 -0.06242119
  1.43920241]
[ 0.84506066  0.45222699 -0.81857928 -0.62933136  0.71652394  0.63188703
 -0.34686291]
[0.18436627 0.54041564 0.14431248 1.04661886 0.43227252 0.60634335
 1.11901823]
[-1.98222531  1.35511467  1.8688773  -1.39951631  1.15675416  0.9586975
 -1.68992182]
[ 0.60908217 -1.30670696 -0.43292624 -0.46726225 -1.16932057 -1.22720444
 -0.19280495]
[ 0.65627703 -0.84922775 -0.62570573  0.78532192 -0.89210641 -0.76252582
  0.81308445]
[ 0.60908217 -0.55337733 -0.62570573 -0.58896384 -0.33307679 -0.42090043
 -0.37986434]
[ 0.23155605  1.05314093 -0.24030826  0.09140146  1.14771296  1.09578626
 -0.0987387 ]
[ 0.23155605  0.137008   -0.0478909   0.11994313  0.27826434  0.20390621
 -0.27339744]
[ 0.70347253 -1.3836936  -0.43292624 -0.47203661 -1.2285732  -1.30510989
 -0.31647281]
[ 0.56188814 -1.02470724 -0.62570573  0.20159723 -1.00531433 -0.94299658
  0.48630599]
[ 0.56188814  0.70216992 -0.62570573 -0.81692182  0.87766265  0.81110757
 -0.20863413]
[-0.85357721 -0.39746096  3.40305495 -0.58319967 -0.28808923 -0.33930522
 -0.12436895]
[ 0.37312264 -0.67006929 -0.24030826  0.58538958 -0.79767467 -0.59388966
  1.14238176]
[ 0.46750321 -0.08453176 -0.24030826  1.20472477 -0.32890596  0.0178075
  1.748708  ]
[ 0.51469512  0.12036142  3.01933264 -0.60120148  0.35839399  0.24457055
 -0.58463176]
[ 0.32593362  1.4416986  -0.0478909   0.72428634  1.21204319  1.4879764
  1.62777433]
[ 0.51469512 -1.37398413 -0.24030826 -0.30723553 -1.38430105 -1.33690039
  0.38744662]
[-1.98222531 -0.44909212  0.91135997 -1.4759871  -0.55782517 -0.77235102
 -1.79880596]
[ 0.56188814  1.12678826 -0.43292624  0.20748626  1.29460861  1.26279703
  0.04416172]
[ 0.42031242  0.99741061 -0.24030826 -0.16434294  1.13637226  1.09879405
  0.00136089]
[ 0.60908217  0.98519645 -0.62570573 -0.53828715  1.20659297  1.11963886
 -0.36397971]
[-1.98222531  1.51574273 -0.24030826 -0.58445378  1.24463647  1.10446639
 -0.85383755]
[ 0.89225666  0.52042481  2.2521654  -0.60663222  0.77452204  0.69808852
 -0.28349752]
[-1.98222531 -0.76724244 -0.62570573 -1.13378217 -0.9346795  -1.09988021
 -1.04356041]
[ 0.46750321  1.4787991  -0.24030826  1.44229515  1.34406577  1.56307351
  1.39387087]
[ 0.70347253  0.97771065 -0.81857928 -0.34771046  1.22053276  1.12669834
 -0.42045195]
[ 0.65627703  0.17225055 -0.62570573 -0.16469725  0.31992596  0.30642683
  0.13454011]
[ 0.42031242 -1.16386721 -0.24030826  0.73009487 -1.14563453 -1.12639268
  0.25616955]
[ 3.25933618e-01  8.09642499e-01 -2.40308260e-01 -7.71788049e-04
  9.67027961e-01  9.10721984e-01 -1.32920534e-01]
[ 0.42031242 -0.81844914 -0.24030826  0.81671668 -0.85439435 -0.74425212
  0.72679588]
[ 0.32593362 -0.77950934 -0.24030826  0.69831598 -0.70707488 -0.68621091
  0.2884052 ]
[ 0.42031242  0.86329738 -0.43292624  0.2159309   0.97969409  0.9355261
 -0.0472421 ]
[ 0.70347253 -1.22159309 -0.62570573 -0.03599654 -1.06347449 -1.12506365
 -0.21349714]
[ 0.56188814 -0.63341984 -0.43292624  0.90955731 -0.74388893 -0.54330784
  1.13399632]
[ 0.42031242 -0.32930234 -0.43292624 -1.04329472 -0.12905941 -0.24136086
 -0.56944382]
[ 0.70347253  0.95336492 -0.62570573 -0.09673557  1.10696048  1.08304018
  0.09236462]
[ 0.32593362  1.09854472 -0.24030826 -0.18660756  1.23841222  1.17301018
 -0.19613967]
[ 0.27874494  1.31903027 -0.0478909   2.94702264  0.97641761  1.39950167
  2.17693991]
[ 0.37312264  1.23921979 -0.24030826  1.5593136   1.05516354  1.28847814
  1.43259552]
[ 0.46750321 -0.31928193 -0.43292624 -0.63790967 -0.13811104 -0.2314528
 -0.41932479]
[ 0.51469512  0.22312648 -0.43292624 -0.26662399  0.41716839  0.35622105
 -0.17503764]
[ 0.08998096 -2.05751438  0.33631003  1.06322395 -2.45842166 -2.1975008
  1.19249158]
[ 0.56188814  1.13698572 -0.43292624 -0.33746142  1.2925788   1.22533622
 -0.20950059]
[ 0.65627703  0.34375231 -0.62570573  0.30540382  0.4862015   0.49295166
  0.26332868]
[ 0.27874494  1.19032742 -0.24030826  0.04386869  1.26210087  1.22471656
  0.00534134]
[ 0.37312264 -1.50846323 -0.24030826  0.48682    -1.57678433 -1.5330111
  0.35695657]
[ 0.32593362  1.09526241 -0.24030826 -0.4412412   1.20493326  1.1506038
 -0.11511675]
[-1.98222531  1.35150016  2.06049166 -1.49135625  1.15803177  0.9553994
 -1.80527071]
[ 0.46750321 -0.65452831 -0.24030826  1.1962123  -0.69186924 -0.56812644
  0.80201898]
[ 0.65627703 -1.38631988 -0.43292624 -0.34734389 -1.28566027 -1.33579167
 -0.1478521 ]
[ 0.56188814 -0.98933719 -0.43292624  0.1625728  -0.91312767 -0.90100641
  0.2300328 ]
[ 0.46750321 -0.76333806 -0.43292624  0.26897234 -0.67433773 -0.67137519
  0.19083737]
[ 0.70347253 -1.34120656 -0.62570573 -0.43710401 -1.17105328 -1.2466151
 -0.30854873]
[ 2.78003815  0.52522675 -0.24030826 -0.28504561  1.16005696  1.07602313
 -0.34057253]
[-1.98222531 -2.9387792  -2.53929473 -0.99404678 -3.41867062 -3.58247699
 -0.98636296]
[ 0.51469512 -0.63773988 -0.43292624  1.02983725 -0.72565384 -0.51927746
  1.15980323]
[ 0.46750321  0.64422684 -0.62570573 -0.39995111  0.84181247  0.7539101
 -0.37204739]
[ 0.32593362  1.29938298 -0.0478909   0.9399115   1.2975692   1.41690006
  0.9190095 ]
[ 0.60908217 -1.26133337 -0.43292624 -0.44790288 -1.22763909 -1.21695232
  0.20580789]
[ 0.42031242 -0.04005337 -0.24030826  2.8946995  -0.48710811  0.07717539
  2.46912406]
[ 0.79786454 -0.10574502 -0.81857928 -0.78487484  0.14688316  0.04917466
 -0.45164055]
[ 0.46750321 -0.36314954  3.01933264 -0.88099003 -0.1110938  -0.26163997
 -0.91798664]
[ 0.60908217  0.14174802 -0.62570573  0.01263157  0.30598884  0.28022549
  0.05733644]
[-1.98222531  1.32423623  2.06049166 -1.48842015  1.13313392  0.93064422
 -1.79648107]
[ 0.56188814  0.13975533  2.63567323 -0.95235135  0.4051994   0.26262972
 -0.85204268]
[-1.98222531  0.44858732  3.59491532 -1.37594376  0.30723302  0.11340445
 -1.49707289]
[ 0.70347253 -1.39554573 -0.43292624 -0.58166701 -1.21285401 -1.29536505
 -0.35666383]
[-1.98222531  1.30649372  2.06049166 -1.57567259  1.12047599  0.91455237
 -1.89546341]
[-1.98222531  1.45159439 -0.62570573 -0.81524141  1.17269939  1.04649181
 -0.70991871]
[ 0.56188814  0.19693186 -0.43292624 -0.15147149  0.32699833  0.32116004
  0.18162769]
[ 0.84506066  0.49663082  2.2521654  -0.93042662  0.74945218  0.66024984
 -0.38259604]
[0.23155605 0.72487904 0.14431248 1.09275415 0.52389011 0.79462079
 1.54206858]
[ 0.32593362 -0.45163691 -0.0478909  -0.32383383 -0.44091549 -0.38264674
  0.50109163]
[ 0.23155605  1.10836356 -0.24030826  0.00808172  1.22499001  1.16474824
 -0.15795196]
[ 0.27874494  0.0803087  -0.24030826 -0.3455754   0.29193136  0.18935563
 -0.49043808]
[ 0.60908217 -1.54460914 -0.81857928 -0.59493948 -1.38245115 -1.489901
 -0.53709595]
[ 0.42031242  0.61293226 -0.43292624  0.2646406   0.71062089  0.70327149
  0.18616414]
[ 0.08998096 -2.02039331  0.33631003  1.40553121 -2.36701893 -2.12927837
  1.11730442]
[-1.98222531 -0.35952296 -0.43292624 -0.83776643 -0.50733394 -0.68155484
 -1.16156052]
[ 0.60908217 -1.29536762 -0.62570573 -0.38836585 -1.14364002 -1.22952367
 -0.37856475]
[ 0.37312264 -0.83254561 -0.24030826 -0.50622648 -0.67164683 -0.74972041
 -0.31510045]
[ 2.59126008 -0.9354157  -0.0478909  -0.91197533 -0.3758559  -0.51455731
 -0.79712692]
[ 0.42031242  1.42690697 -0.0478909   1.30082651  1.33612603  1.53279998
  1.29252732]
[-1.98222531 -1.41029662 -2.35061696 -1.57122587 -1.62426017 -1.78639492
 -0.9937047 ]
[ 0.75066843 -0.13717014 -1.0114511  -0.74537548  0.16097907  0.03329714
 -0.70468316]
[ 0.89225666  0.48986662 -0.81857928 -0.62131379  0.74858746  0.65461044
 -0.42082397]
[ 0.37312264  1.11898978 -0.24030826  0.15278285  1.23030422  1.1975842
  0.03654525]
[ 0.42031242  1.00181387 -0.43292624  1.28668408  0.94852639  1.1081306
  1.09149044]
[ 0.60908217  1.32284934 -0.24030826  0.22959941  1.30556215  1.44256521
  1.00760435]
[ 0.56188814  1.03868617 -0.62570573 -0.74239479  1.2343354   1.14756402
 -0.36250031]
[-1.98222531  1.34421707  2.63567323 -1.64789989  1.15500577  0.9487876
 -1.9136858 ]
[ 0.56188814 -1.25427784 -0.43292624 -0.68206041 -1.13740449 -1.20214811
 -0.23608868]
[ 0.56188814 -1.42493866 -0.43292624  0.02809989 -1.38056899 -1.35976789
  0.25127578]
[-1.98222531 -0.40088349  3.40305495 -1.46250411 -0.52652757 -0.72353304
 -1.46793171]
[-1.98222531  1.50107757 -1.0114511  -0.50238369  1.21705635  1.09126648
 -0.70689581]
[ 0.65627703 -1.09553585 -0.62570573 -0.23008984 -0.98216962 -1.01476668
 -0.0296453 ]
[ 0.37312264  1.67543989 -0.0478909   2.04713929  1.38620186  1.76166086
  2.04335297]
[-1.98222531 -0.82426856  3.01933264 -1.1967612  -0.99915728 -1.15940921
 -0.99077529]
[-1.98222531  1.31577737  1.67732004 -1.68717305  1.13039607  0.92303898
 -1.94720312]
[ 0.46750321  1.29779614 -0.24030826  1.40705604  1.25744039  1.41170813
  1.08823624]
[ 0.37312264 -1.34647763 -0.24030826  0.15755855 -1.31585004 -1.30586697
  0.19730436]
[-1.98222531  1.44876258 -0.81857928 -0.54646047  1.1781503   1.04370047
 -0.79205786]
[ 0.27874494 -1.07804468 -0.43292624 -0.88644204 -0.89567608 -1.04600236
 -0.89632312]
[ 0.32593362  0.33297604 -0.24030826 -0.40105144  0.48479849  0.41063479
 -0.26941596]
[-0.85357721 -0.31495088  3.01933264 -0.59162889 -0.23216017 -0.31404444
 -0.33508708]
[ 0.08998096  0.71230959 -0.43292624 -0.18542833  0.89135205  0.80691755
 -0.3445072 ]
[-1.98222531  0.64752395  3.01933264 -0.86546127  0.43513576  0.30266114
 -0.7539684 ]
[ 0.51469512  0.84416086 -0.43292624 -0.05547305  1.05792128  0.97354379
 -0.34353157]
[ 0.42031242 -0.04761958 -0.24030826  1.72095098 -0.28286     0.04163514
  1.67089626]
[-1.98222531  1.33734749  2.06049166 -1.60174508  1.14858062  0.94265151
 -1.90242988]
[ 0.46750321 -1.35436837 -0.43292624  0.09144733 -1.27273683 -1.2943676
  0.02314479]
[ 0.60908217  0.42927934 -0.62570573  0.3215737   0.50340659  0.56127624
  0.55270727]
[ 0.23155605 -0.88864233 -0.0478909   0.58408042 -0.93845579 -0.85688732
  0.58519662]
[-1.98222531  1.45051034 -0.24030826 -0.15578002  1.14581471  1.04503075
 -0.47863152]
[ 0.23155605 -0.95579167  0.14431248  0.75821902 -1.03064501 -0.92820971
  0.67774147]
[ 0.46750321 -0.40278339  3.40305495 -0.69596883 -0.26851907 -0.30979788
 -0.05927018]
[-1.98222531  1.31628821  1.67732004 -1.64661615  1.12976276  0.92350523
 -1.90873697]
[ 0.65627703 -1.29277416 -0.43292624  0.18496853 -1.23921809 -1.21016558
  0.30260449]
[ 0.65627703 -1.39248814 -0.62570573 -0.3618126  -1.26513184 -1.34316799
 -0.3274276 ]
[ 0.46750321 -1.31922081 -0.62570573 -0.35085034 -1.14866943 -1.28084583
 -0.73124211]
[ 0.65627703 -1.07859313 -0.81857928 -0.51196799 -0.9161998  -1.00124533
 -0.36848353]
[0.18436627 0.82895083 0.33631003 2.26100388 0.44494377 0.90224009
 2.23651788]
[ 0.23155605  0.03663595 -0.0478909   0.17146019  0.18360403  0.12502976
 -0.16291287]
[ 0.32593362  1.17625171 -0.24030826  1.27801045  1.14991062  1.24735963
  0.79810739]
[ 0.37312264  1.06865501 -0.24030826  0.84899828  1.04595419  1.16829118
  0.91799262]
[ 0.32593362  0.11710689 -0.43292624 -0.20776231  0.33008835  0.23515066
 -0.42918468]
[ 0.46750321 -1.15836422 -0.24030826 -0.12133887 -1.1097825  -1.11545964
  0.12154635]
[-1.98222531 -0.20183037 -0.0478909  -1.00042406 -0.36935155 -0.522645
 -0.93836994]
[ 0.46750321 -0.72241299 -0.24030826  0.93015001 -0.76668818 -0.62130573
  0.8940839 ]
[ 3.5351504  -0.39476627  2.63567323 -0.90827274  0.37950972  0.24070669
 -0.81386615]
[ 0.46750321 -0.6544226  -0.24030826  0.51747199 -0.71140375 -0.55497411
  0.94757062]
[ 0.32593362  1.11599116 -0.24030826 -0.26055026  1.20896143  1.15257146
 -0.1299834 ]
[ 0.32593362 -0.94166815 -0.43292624 -0.99108247 -0.73941473 -0.89840053
 -0.98542119]
[ 0.42031242 -0.80927392 -0.24030826 -0.21541981 -0.6311807  -0.72700147
 -0.44249349]
[ 0.27874494  1.12570361 -0.24030826 -0.13348623  1.23345351  1.16371218
 -0.228943  ]
[-1.98222531  1.45791422 -0.62570573 -0.92142605  1.2266984   1.0520311
 -1.2784008 ]
[ 0.23155605  1.00580854 -0.24030826 -0.20791467  1.18558384  1.10542461
 -0.30980614]
[ 0.70347253 -1.03835223  2.82748954 -0.63949375 -0.88017739 -0.95439601
 -0.29277889]
[ 0.23155605 -0.95391279 -0.0478909   0.90516542 -1.06050607 -0.92354081
  0.8326649 ]
[ 0.32593362  1.05199206 -0.0478909   0.54425594  1.08909123  1.09813666
  0.30036942]
[-1.98222531  1.48446251 -0.62570573 -0.81495795  1.22004263  1.0759262
 -0.89550164]
[ 0.27874494  0.28083211 -0.43292624 -0.5562319   0.47804078  0.35274124
 -0.68777763]
[ 0.37312264  1.08226012 -0.43292624 -0.50667518  1.26904023  1.16377363
 -0.51847741]
